South Korea, Period fertility rates by calendar year and age (Lexis squares, age in completed years (ACY))
Last modified: 19/08/2022
Year    Age        ASFR
2000     12-    0.00000
2000     13     0.00000
2000     14     0.00003
2000     15     0.00017
2000     16     0.00061
2000     17     0.00177
2000     18     0.00318
2000     19     0.00637
2000     20     0.01195
2000     21     0.01912
2000     22     0.03236
2000     23     0.04906
2000     24     0.08563
2000     25     0.10824
2000     26     0.14373
2000     27     0.16706
2000     28     0.16999
2000     29     0.16120
2000     30     0.13167
2000     31     0.10400
2000     32     0.07740
2000     33     0.05847
2000     34     0.04361
2000     35     0.03057
2000     36     0.02290
2000     37     0.01789
2000     38     0.01103
2000     39     0.00766
2000     40     0.00531
2000     41     0.00335
2000     42     0.00225
2000     43     0.00130
2000     44     0.00081
2000     45     0.00046
2000     46     0.00027
2000     47     0.00017
2000     48     0.00012
2000     49     0.00011
2000     50     0.00013
2000     51     0.00009
2000     52     0.00004
2000     53     0.00001
2000     54     0.00000
2000     55+    0.00000
2001     12-    0.00000
2001     13     0.00000
2001     14     0.00002
2001     15     0.00014
2001     16     0.00058
2001     17     0.00139
2001     18     0.00280
2001     19     0.00582
2001     20     0.00945
2001     21     0.01584
2001     22     0.02559
2001     23     0.04146
2001     24     0.07008
2001     25     0.09121
2001     26     0.11865
2001     27     0.14456
2001     28     0.15125
2001     29     0.14026
2001     30     0.12310
2001     31     0.09649
2001     32     0.07447
2001     33     0.05407
2001     34     0.04029
2001     35     0.03052
2001     36     0.02150
2001     37     0.01605
2001     38     0.01220
2001     39     0.00763
2001     40     0.00505
2001     41     0.00335
2001     42     0.00203
2001     43     0.00133
2001     44     0.00067
2001     45     0.00045
2001     46     0.00028
2001     47     0.00018
2001     48     0.00011
2001     49     0.00011
2001     50     0.00012
2001     51     0.00007
2001     52     0.00003
2001     53     0.00001
2001     54     0.00000
2001     55+    0.00000
2002     12-    0.00000
2002     13     0.00002
2002     14     0.00016
2002     15     0.00027
2002     16     0.00070
2002     17     0.00150
2002     18     0.00353
2002     19     0.00666
2002     20     0.00868
2002     21     0.01343
2002     22     0.02155
2002     23     0.03278
2002     24     0.06142
2002     25     0.07141
2002     26     0.09886
2002     27     0.12332
2002     28     0.13277
2002     29     0.12603
2002     30     0.11408
2002     31     0.09669
2002     32     0.07317
2002     33     0.05406
2002     34     0.03820
2002     35     0.02914
2002     36     0.02174
2002     37     0.01474
2002     38     0.01085
2002     39     0.00800
2002     40     0.00488
2002     41     0.00323
2002     42     0.00201
2002     43     0.00133
2002     44     0.00085
2002     45     0.00044
2002     46     0.00030
2002     47     0.00023
2002     48     0.00014
2002     49     0.00007
2002     50     0.00009
2002     51     0.00006
2002     52     0.00003
2002     53     0.00001
2002     54     0.00000
2002     55+    0.00000
2003     12-    0.00000
2003     13     0.00001
2003     14     0.00015
2003     15     0.00036
2003     16     0.00097
2003     17     0.00195
2003     18     0.00345
2003     19     0.00557
2003     20     0.00803
2003     21     0.01190
2003     22     0.01810
2003     23     0.02927
2003     24     0.05317
2003     25     0.06804
2003     26     0.09236
2003     27     0.12288
2003     28     0.13782
2003     29     0.13468
2003     30     0.11934
2003     31     0.10047
2003     32     0.08124
2003     33     0.05824
2003     34     0.04197
2003     35     0.02927
2003     36     0.02175
2003     37     0.01622
2003     38     0.01100
2003     39     0.00796
2003     40     0.00567
2003     41     0.00319
2003     42     0.00217
2003     43     0.00125
2003     44     0.00080
2003     45     0.00045
2003     46     0.00029
2003     47     0.00020
2003     48     0.00016
2003     49     0.00009
2003     50     0.00011
2003     51     0.00008
2003     52     0.00003
2003     53     0.00001
2003     54     0.00000
2003     55+    0.00000
2004     12-    0.00000
2004     13     0.00001
2004     14     0.00008
2004     15     0.00022
2004     16     0.00066
2004     17     0.00152
2004     18     0.00327
2004     19     0.00597
2004     20     0.00693
2004     21     0.01126
2004     22     0.01651
2004     23     0.02532
2004     24     0.04051
2004     25     0.05925
2004     26     0.08805
2004     27     0.11257
2004     28     0.13015
2004     29     0.13335
2004     30     0.12344
2004     31     0.10485
2004     32     0.08395
2004     33     0.06454
2004     34     0.04563
2004     35     0.03244
2004     36     0.02273
2004     37     0.01617
2004     38     0.01180
2004     39     0.00795
2004     40     0.00537
2004     41     0.00367
2004     42     0.00219
2004     43     0.00128
2004     44     0.00077
2004     45     0.00042
2004     46     0.00029
2004     47     0.00019
2004     48     0.00014
2004     49     0.00010
2004     50     0.00008
2004     51     0.00005
2004     52     0.00002
2004     53     0.00001
2004     54     0.00000
2004     55+    0.00000
2005     12-    0.00000
2005     13     0.00001
2005     14     0.00007
2005     15     0.00018
2005     16     0.00055
2005     17     0.00129
2005     18     0.00290
2005     19     0.00577
2005     20     0.00681
2005     21     0.00983
2005     22     0.01453
2005     23     0.02218
2005     24     0.03198
2005     25     0.05035
2005     26     0.07238
2005     27     0.10161
2005     28     0.11809
2005     29     0.12277
2005     30     0.11645
2005     31     0.10245
2005     32     0.08409
2005     33     0.06460
2005     34     0.04849
2005     35     0.03397
2005     36     0.02344
2005     37     0.01648
2005     38     0.01120
2005     39     0.00802
2005     40     0.00522
2005     41     0.00352
2005     42     0.00238
2005     43     0.00117
2005     44     0.00077
2005     45     0.00041
2005     46     0.00026
2005     47     0.00015
2005     48     0.00011
2005     49     0.00008
2005     50     0.00011
2005     51     0.00008
2005     52     0.00003
2005     53     0.00001
2005     54     0.00000
2005     55+    0.00000
2006     12-    0.00000
2006     13     0.00001
2006     14     0.00009
2006     15     0.00018
2006     16     0.00044
2006     17     0.00130
2006     18     0.00302
2006     19     0.00627
2006     20     0.00773
2006     21     0.01071
2006     22     0.01467
2006     23     0.02090
2006     24     0.03078
2006     25     0.04397
2006     26     0.06956
2006     27     0.09578
2006     28     0.12070
2006     29     0.12561
2006     30     0.12625
2006     31     0.11224
2006     32     0.09421
2006     33     0.07166
2006     34     0.05406
2006     35     0.03964
2006     36     0.02706
2006     37     0.01869
2006     38     0.01256
2006     39     0.00845
2006     40     0.00590
2006     41     0.00342
2006     42     0.00225
2006     43     0.00132
2006     44     0.00066
2006     45     0.00038
2006     46     0.00025
2006     47     0.00016
2006     48     0.00007
2006     49     0.00004
2006     50     0.00005
2006     51     0.00004
2006     52     0.00002
2006     53     0.00001
2006     54     0.00000
2006     55+    0.00000
2007     12-    0.00000
2007     13     0.00000
2007     14     0.00001
2007     15     0.00005
2007     16     0.00038
2007     17     0.00099
2007     18     0.00254
2007     19     0.00802
2007     20     0.00982
2007     21     0.01308
2007     22     0.01678
2007     23     0.02277
2007     24     0.03267
2007     25     0.04703
2007     26     0.06856
2007     27     0.10247
2007     28     0.12695
2007     29     0.14029
2007     30     0.13422
2007     31     0.12568
2007     32     0.10808
2007     33     0.08605
2007     34     0.06467
2007     35     0.04726
2007     36     0.03457
2007     37     0.02293
2007     38     0.01540
2007     39     0.00971
2007     40     0.00650
2007     41     0.00445
2007     42     0.00248
2007     43     0.00139
2007     44     0.00085
2007     45     0.00036
2007     46     0.00022
2007     47     0.00012
2007     48     0.00010
2007     49     0.00009
2007     50     0.00007
2007     51     0.00004
2007     52     0.00002
2007     53     0.00001
2007     54     0.00000
2007     55+    0.00000
2008     12-    0.00000
2008     13     0.00002
2008     14     0.00012
2008     15     0.00021
2008     16     0.00046
2008     17     0.00094
2008     18     0.00186
2008     19     0.00559
2008     20     0.00959
2008     21     0.01267
2008     22     0.01658
2008     23     0.02127
2008     24     0.02946
2008     25     0.04166
2008     26     0.06023
2008     27     0.08435
2008     28     0.11346
2008     29     0.12671
2008     30     0.13320
2008     31     0.12340
2008     32     0.10701
2008     33     0.08596
2008     34     0.06579
2008     35     0.04805
2008     36     0.03438
2008     37     0.02452
2008     38     0.01631
2008     39     0.01053
2008     40     0.00676
2008     41     0.00413
2008     42     0.00240
2008     43     0.00136
2008     44     0.00080
2008     45     0.00043
2008     46     0.00012
2008     47     0.00010
2008     48     0.00008
2008     49     0.00006
2008     50     0.00004
2008     51     0.00003
2008     52     0.00001
2008     53     0.00001
2008     54     0.00000
2008     55+    0.00000
2009     12-    0.00000
2009     13     0.00001
2009     14     0.00007
2009     15     0.00022
2009     16     0.00046
2009     17     0.00094
2009     18     0.00178
2009     19     0.00564
2009     20     0.00845
2009     21     0.01239
2009     22     0.01494
2009     23     0.01998
2009     24     0.02677
2009     25     0.03713
2009     26     0.05438
2009     27     0.07821
2009     28     0.10023
2009     29     0.12130
2009     30     0.12638
2009     31     0.12139
2009     32     0.10664
2009     33     0.08622
2009     34     0.06744
2009     35     0.04972
2009     36     0.03520
2009     37     0.02486
2009     38     0.01727
2009     39     0.01116
2009     40     0.00732
2009     41     0.00443
2009     42     0.00263
2009     43     0.00149
2009     44     0.00079
2009     45     0.00040
2009     46     0.00021
2009     47     0.00009
2009     48     0.00006
2009     49     0.00004
2009     50     0.00003
2009     51     0.00002
2009     52     0.00001
2009     53     0.00000
2009     54     0.00000
2009     55+    0.00000
2010     12-    0.00000
2010     13     0.00001
2010     14     0.00009
2010     15     0.00028
2010     16     0.00057
2010     17     0.00105
2010     18     0.00179
2010     19     0.00540
2010     20     0.00809
2010     21     0.01129
2010     22     0.01539
2010     23     0.02013
2010     24     0.02731
2010     25     0.03685
2010     26     0.05340
2010     27     0.07600
2010     28     0.10003
2010     29     0.11595
2010     30     0.13400
2010     31     0.13293
2010     32     0.11966
2010     33     0.09775
2010     34     0.07762
2010     35     0.05963
2010     36     0.04296
2010     37     0.02929
2010     38     0.02066
2010     39     0.01402
2010     40     0.00888
2010     41     0.00532
2010     42     0.00302
2010     43     0.00169
2010     44     0.00095
2010     45     0.00048
2010     46     0.00021
2010     47     0.00015
2010     48     0.00006
2010     49     0.00004
2010     50     0.00006
2010     51     0.00005
2010     52     0.00002
2010     53     0.00001
2010     54     0.00000
2010     55+    0.00000
2011     12-    0.00000
2011     13     0.00001
2011     14     0.00005
2011     15     0.00019
2011     16     0.00050
2011     17     0.00099
2011     18     0.00196
2011     19     0.00525
2011     20     0.00827
2011     21     0.01199
2011     22     0.01482
2011     23     0.02072
2011     24     0.02716
2011     25     0.03694
2011     26     0.05120
2011     27     0.07459
2011     28     0.09767
2011     29     0.11612
2011     30     0.12392
2011     31     0.13283
2011     32     0.12269
2011     33     0.10541
2011     34     0.08214
2011     35     0.06410
2011     36     0.04697
2011     37     0.03327
2011     38     0.02268
2011     39     0.01516
2011     40     0.01018
2011     41     0.00615
2011     42     0.00345
2011     43     0.00177
2011     44     0.00094
2011     45     0.00049
2011     46     0.00028
2011     47     0.00014
2011     48     0.00010
2011     49     0.00007
2011     50     0.00007
2011     51     0.00005
2011     52     0.00002
2011     53     0.00001
2011     54     0.00000
2011     55+    0.00000
2012     12-    0.00000
2012     13     0.00001
2012     14     0.00008
2012     15     0.00023
2012     16     0.00055
2012     17     0.00114
2012     18     0.00203
2012     19     0.00479
2012     20     0.00763
2012     21     0.01105
2012     22     0.01561
2012     23     0.01995
2012     24     0.02744
2012     25     0.03692
2012     26     0.05166
2012     27     0.07306
2012     28     0.09701
2012     29     0.11686
2012     30     0.13375
2012     31     0.13377
2012     32     0.13008
2012     33     0.11212
2012     34     0.09243
2012     35     0.06999
2012     36     0.05169
2012     37     0.03639
2012     38     0.02560
2012     39     0.01659
2012     40     0.01108
2012     41     0.00682
2012     42     0.00387
2012     43     0.00202
2012     44     0.00092
2012     45     0.00054
2012     46     0.00023
2012     47     0.00007
2012     48     0.00006
2012     49     0.00006
2012     50     0.00005
2012     51     0.00003
2012     52     0.00002
2012     53     0.00001
2012     54     0.00000
2012     55+    0.00000
2013     12-    0.00000
2013     13     0.00001
2013     14     0.00006
2013     15     0.00024
2013     16     0.00065
2013     17     0.00112
2013     18     0.00200
2013     19     0.00455
2013     20     0.00718
2013     21     0.00986
2013     22     0.01321
2013     23     0.01756
2013     24     0.02343
2013     25     0.03233
2013     26     0.04361
2013     27     0.06279
2013     28     0.08410
2013     29     0.10178
2013     30     0.11620
2013     31     0.12341
2013     32     0.11670
2013     33     0.10719
2013     34     0.08949
2013     35     0.07092
2013     36     0.05184
2013     37     0.03713
2013     38     0.02548
2013     39     0.01711
2013     40     0.01094
2013     41     0.00643
2013     42     0.00383
2013     43     0.00205
2013     44     0.00091
2013     45     0.00040
2013     46     0.00015
2013     47     0.00006
2013     48     0.00004
2013     49     0.00001
2013     50     0.00002
2013     51     0.00002
2013     52     0.00001
2013     53     0.00001
2013     54     0.00000
2013     55+    0.00000
2014     12-    0.00000
2014     13     0.00001
2014     14     0.00007
2014     15     0.00017
2014     16     0.00058
2014     17     0.00102
2014     18     0.00186
2014     19     0.00412
2014     20     0.00672
2014     21     0.00910
2014     22     0.01230
2014     23     0.01612
2014     24     0.02251
2014     25     0.03038
2014     26     0.04302
2014     27     0.06093
2014     28     0.08124
2014     29     0.10032
2014     30     0.11824
2014     31     0.12542
2014     32     0.12227
2014     33     0.10813
2014     34     0.09379
2014     35     0.07498
2014     36     0.05717
2014     37     0.03959
2014     38     0.02786
2014     39     0.01879
2014     40     0.01202
2014     41     0.00699
2014     42     0.00414
2014     43     0.00222
2014     44     0.00104
2014     45     0.00039
2014     46     0.00017
2014     47     0.00009
2014     48     0.00003
2014     49     0.00002
2014     50     0.00002
2014     51     0.00002
2014     52     0.00001
2014     53     0.00001
2014     54     0.00000
2014     55+    0.00000
2015     12-    0.00000
2015     13     0.00001
2015     14     0.00005
2015     15     0.00017
2015     16     0.00048
2015     17     0.00092
2015     18     0.00143
2015     19     0.00386
2015     20     0.00585
2015     21     0.00839
2015     22     0.01153
2015     23     0.01600
2015     24     0.02118
2015     25     0.02972
2015     26     0.04153
2015     27     0.05986
2015     28     0.08202
2015     29     0.10119
2015     30     0.11760
2015     31     0.12779
2015     32     0.12660
2015     33     0.11630
2015     34     0.09660
2015     35     0.08036
2015     36     0.06210
2015     37     0.04465
2015     38     0.03121
2015     39     0.02072
2015     40     0.01313
2015     41     0.00791
2015     42     0.00446
2015     43     0.00225
2015     44     0.00114
2015     45     0.00048
2015     46     0.00018
2015     47     0.00004
2015     48     0.00002
2015     49     0.00003
2015     50     0.00002
2015     51     0.00001
2015     52     0.00001
2015     53     0.00000
2015     54     0.00000
2015     55+    0.00000
2016     12-    0.00000
2016     13     0.00001
2016     14     0.00005
2016     15     0.00018
2016     16     0.00039
2016     17     0.00085
2016     18     0.00147
2016     19     0.00317
2016     20     0.00557
2016     21     0.00762
2016     22     0.01026
2016     23     0.01421
2016     24     0.01954
2016     25     0.02647
2016     26     0.03857
2016     27     0.05382
2016     28     0.07367
2016     29     0.09184
2016     30     0.10873
2016     31     0.11986
2016     32     0.11928
2016     33     0.11040
2016     34     0.09593
2016     35     0.07705
2016     36     0.06182
2016     37     0.04578
2016     38     0.03203
2016     39     0.02154
2016     40     0.01395
2016     41     0.00849
2016     42     0.00473
2016     43     0.00247
2016     44     0.00119
2016     45     0.00048
2016     46     0.00022
2016     47     0.00007
2016     48     0.00003
2016     49     0.00002
2016     50     0.00001
2016     51     0.00001
2016     52     0.00000
2016     53     0.00000
2016     54     0.00000
2016     55+    0.00000
2017     12-    0.00000
2017     13     0.00000
2017     14     0.00002
2017     15     0.00014
2017     16     0.00043
2017     17     0.00071
2017     18     0.00109
2017     19     0.00261
2017     20     0.00458
2017     21     0.00627
2017     22     0.00890
2017     23     0.01185
2017     24     0.01598
2017     25     0.02203
2017     26     0.03218
2017     27     0.04651
2017     28     0.06378
2017     29     0.07984
2017     30     0.09389
2017     31     0.10488
2017     32     0.10615
2017     33     0.09952
2017     34     0.08742
2017     35     0.07472
2017     36     0.05714
2017     37     0.04468
2017     38     0.03248
2017     39     0.02196
2017     40     0.01424
2017     41     0.00860
2017     42     0.00496
2017     43     0.00255
2017     44     0.00113
2017     45     0.00052
2017     46     0.00019
2017     47     0.00008
2017     48     0.00002
2017     49     0.00002
2017     50     0.00001
2017     51     0.00001
2017     52     0.00000
2017     53     0.00000
2017     54     0.00000
2017     55+    0.00000
2018     12-    0.00000
2018     13     0.00000
2018     14     0.00003
2018     15     0.00014
2018     16     0.00031
2018     17     0.00055
2018     18     0.00090
2018     19     0.00253
2018     20     0.00419
2018     21     0.00542
2018     22     0.00764
2018     23     0.01008
2018     24     0.01339
2018     25     0.01886
2018     26     0.02667
2018     27     0.03942
2018     28     0.05454
2018     29     0.06999
2018     30     0.08617
2018     31     0.09693
2018     32     0.09958
2018     33     0.09328
2018     34     0.08368
2018     35     0.07218
2018     36     0.05863
2018     37     0.04377
2018     38     0.03223
2018     39     0.02249
2018     40     0.01494
2018     41     0.00893
2018     42     0.00522
2018     43     0.00267
2018     44     0.00129
2018     45     0.00053
2018     46     0.00022
2018     47     0.00007
2018     48     0.00004
2018     49     0.00002
2018     50     0.00002
2018     51     0.00001
2018     52     0.00001
2018     53     0.00000
2018     54     0.00000
2018     55+    0.00000
2019     12-    0.00000
2019     13     0.00000
2019     14     0.00004
2019     15     0.00009
2019     16     0.00023
2019     17     0.00046
2019     18     0.00087
2019     19     0.00218
2019     20     0.00357
2019     21     0.00485
2019     22     0.00645
2019     23     0.00849
2019     24     0.01169
2019     25     0.01599
2019     26     0.02279
2019     27     0.03431
2019     28     0.04729
2019     29     0.06132
2019     30     0.07539
2019     31     0.09078
2019     32     0.09475
2019     33     0.09031
2019     34     0.08191
2019     35     0.07104
2019     36     0.05828
2019     37     0.04398
2019     38     0.03203
2019     39     0.02358
2019     40     0.01561
2019     41     0.00977
2019     42     0.00553
2019     43     0.00302
2019     44     0.00146
2019     45     0.00054
2019     46     0.00023
2019     47     0.00009
2019     48     0.00004
2019     49     0.00001
2019     50     0.00002
2019     51     0.00001
2019     52     0.00001
2019     53     0.00000
2019     54     0.00000
2019     55+    0.00000
2020     12-    0.00000
2020     13     0.00001
2020     14     0.00004
2020     15     0.00007
2020     16     0.00018
2020     17     0.00036
2020     18     0.00063
2020     19     0.00211
2020     20     0.00328
2020     21     0.00446
2020     22     0.00556
2020     23     0.00707
2020     24     0.00996
2020     25     0.01376
2020     26     0.01912
2020     27     0.02807
2020     28     0.04032
2020     29     0.05356
2020     30     0.06745
2020     31     0.08090
2020     32     0.08594
2020     33     0.08341
2020     34     0.07702
2020     35     0.06676
2020     36     0.05434
2020     37     0.04260
2020     38     0.03254
2020     39     0.02251
2020     40     0.01542
2020     41     0.00978
2020     42     0.00550
2020     43     0.00289
2020     44     0.00119
2020     45     0.00056
2020     46     0.00018
2020     47     0.00005
2020     48     0.00002
2020     49     0.00002
2020     50     0.00000
2020     51     0.00000
2020     52     0.00000
2020     53     0.00000
2020     54     0.00000
2020     55+    0.00000
