United Kingdom, Period fertility rates by calendar year and age (Lexis squares, age in completed years (ACY))
Last modified: 01/12/2022
Year    Age        ASFR
1974     12-    0.00000
1974     13     0.00004
1974     14     0.00071
1974     15     0.00348
1974     16     0.01570
1974     17     0.04115
1974     18     0.06278
1974     19     0.08328
1974     20     0.10094
1974     21     0.11611
1974     22     0.12675
1974     23     0.13462
1974     24     0.14242
1974     25     0.14425
1974     26     0.14405
1974     27     0.13524
1974     28     0.11621
1974     29     0.10165
1974     30     0.08782
1974     31     0.07012
1974     32     0.05784
1974     33     0.04655
1974     34     0.03995
1974     35     0.03238
1974     36     0.02594
1974     37     0.02189
1974     38     0.01767
1974     39     0.01379
1974     40     0.01088
1974     41     0.00747
1974     42     0.00531
1974     43     0.00333
1974     44     0.00191
1974     45     0.00095
1974     46     0.00051
1974     47     0.00027
1974     48     0.00009
1974     49     0.00006
1974     50     0.00003
1974     51     0.00002
1974     52     0.00001
1974     53     0.00001
1974     54     0.00000
1974     55+    0.00000
1975     12-    0.00001
1975     13     0.00004
1975     14     0.00062
1975     15     0.00328
1975     16     0.01317
1975     17     0.03549
1975     18     0.05788
1975     19     0.07737
1975     20     0.09282
1975     21     0.10710
1975     22     0.11910
1975     23     0.12646
1975     24     0.13183
1975     25     0.13870
1975     26     0.13497
1975     27     0.12928
1975     28     0.11637
1975     29     0.09779
1975     30     0.08383
1975     31     0.06914
1975     32     0.05585
1975     33     0.04456
1975     34     0.03682
1975     35     0.03073
1975     36     0.02491
1975     37     0.01982
1975     38     0.01635
1975     39     0.01247
1975     40     0.00961
1975     41     0.00671
1975     42     0.00482
1975     43     0.00301
1975     44     0.00171
1975     45     0.00105
1975     46     0.00043
1975     47     0.00025
1975     48     0.00011
1975     49     0.00008
1975     50     0.00005
1975     51     0.00003
1975     52     0.00001
1975     53     0.00001
1975     54     0.00000
1975     55+    0.00000
1976     12-    0.00000
1976     13     0.00004
1976     14     0.00058
1976     15     0.00294
1976     16     0.01203
1976     17     0.02997
1976     18     0.05085
1976     19     0.07064
1976     20     0.08718
1976     21     0.10133
1976     22     0.11356
1976     23     0.12243
1976     24     0.12895
1976     25     0.13316
1976     26     0.13318
1976     27     0.12562
1976     28     0.11619
1976     29     0.10148
1976     30     0.08337
1976     31     0.06695
1976     32     0.05575
1976     33     0.04465
1976     34     0.03542
1976     35     0.02877
1976     36     0.02416
1976     37     0.01860
1976     38     0.01467
1976     39     0.01143
1976     40     0.00884
1976     41     0.00604
1976     42     0.00435
1976     43     0.00260
1976     44     0.00157
1976     45     0.00084
1976     46     0.00045
1976     47     0.00022
1976     48     0.00014
1976     49     0.00005
1976     50     0.00004
1976     51     0.00002
1976     52     0.00001
1976     53     0.00001
1976     54     0.00000
1976     55+    0.00000
1977     12-    0.00000
1977     13     0.00003
1977     14     0.00051
1977     15     0.00258
1977     16     0.01148
1977     17     0.02804
1977     18     0.04588
1977     19     0.06408
1977     20     0.08266
1977     21     0.09593
1977     22     0.10733
1977     23     0.11573
1977     24     0.12404
1977     25     0.13012
1977     26     0.12724
1977     27     0.12365
1977     28     0.11310
1977     29     0.10174
1977     30     0.08666
1977     31     0.06750
1977     32     0.05603
1977     33     0.04512
1977     34     0.03566
1977     35     0.02854
1977     36     0.02213
1977     37     0.01833
1977     38     0.01433
1977     39     0.01098
1977     40     0.00784
1977     41     0.00563
1977     42     0.00397
1977     43     0.00260
1977     44     0.00148
1977     45     0.00075
1977     46     0.00041
1977     47     0.00026
1977     48     0.00012
1977     49     0.00007
1977     50     0.00001
1977     51     0.00001
1977     52     0.00000
1977     53     0.00000
1977     54     0.00000
1977     55+    0.00000
1978     12-    0.00000
1978     13     0.00003
1978     14     0.00048
1978     15     0.00274
1978     16     0.01138
1978     17     0.02756
1978     18     0.04600
1978     19     0.06419
1978     20     0.08204
1978     21     0.09948
1978     22     0.11118
1978     23     0.11941
1978     24     0.12952
1978     25     0.13416
1978     26     0.13302
1978     27     0.12724
1978     28     0.11884
1978     29     0.10607
1978     30     0.09309
1978     31     0.07590
1978     32     0.05871
1978     33     0.04742
1978     34     0.03875
1978     35     0.03116
1978     36     0.02385
1978     37     0.01871
1978     38     0.01493
1978     39     0.01087
1978     40     0.00798
1978     41     0.00542
1978     42     0.00385
1978     43     0.00256
1978     44     0.00149
1978     45     0.00080
1978     46     0.00053
1978     47     0.00024
1978     48     0.00014
1978     49     0.00006
1978     50     0.00004
1978     51     0.00003
1978     52     0.00001
1978     53     0.00001
1978     54     0.00000
1978     55+    0.00000
1979     12-    0.00000
1979     13     0.00003
1979     14     0.00053
1979     15     0.00277
1979     16     0.01088
1979     17     0.02816
1979     18     0.04721
1979     19     0.06659
1979     20     0.08363
1979     21     0.10084
1979     22     0.11662
1979     23     0.12744
1979     24     0.13406
1979     25     0.14123
1979     26     0.14262
1979     27     0.13645
1979     28     0.12762
1979     29     0.11575
1979     30     0.09971
1979     31     0.08278
1979     32     0.06763
1979     33     0.05281
1979     34     0.04232
1979     35     0.03421
1979     36     0.02655
1979     37     0.02022
1979     38     0.01547
1979     39     0.01199
1979     40     0.00862
1979     41     0.00581
1979     42     0.00383
1979     43     0.00248
1979     44     0.00160
1979     45     0.00085
1979     46     0.00046
1979     47     0.00028
1979     48     0.00015
1979     49     0.00008
1979     50     0.00005
1979     51     0.00003
1979     52     0.00002
1979     53     0.00001
1979     54     0.00000
1979     55+    0.00000
1980     12-    0.00000
1980     13     0.00004
1980     14     0.00051
1980     15     0.00253
1980     16     0.01057
1980     17     0.02745
1980     18     0.04734
1980     19     0.06681
1980     20     0.08577
1980     21     0.10183
1980     22     0.11706
1980     23     0.12951
1980     24     0.13670
1980     25     0.14356
1980     26     0.14399
1980     27     0.14020
1980     28     0.12905
1980     29     0.11593
1980     30     0.10398
1980     31     0.08497
1980     32     0.06994
1980     33     0.05592
1980     34     0.04371
1980     35     0.03485
1980     36     0.02788
1980     37     0.02150
1980     38     0.01621
1980     39     0.01188
1980     40     0.00873
1980     41     0.00583
1980     42     0.00384
1980     43     0.00249
1980     44     0.00150
1980     45     0.00083
1980     46     0.00054
1980     47     0.00036
1980     48     0.00017
1980     49     0.00011
1980     50     0.00011
1980     51     0.00007
1980     52     0.00003
1980     53     0.00001
1980     54     0.00000
1980     55+    0.00000
1981     12-    0.00000
1981     13     0.00003
1981     14     0.00051
1981     15     0.00229
1981     16     0.01017
1981     17     0.02461
1981     18     0.04272
1981     19     0.06161
1981     20     0.07890
1981     21     0.09746
1981     22     0.10844
1981     23     0.12063
1981     24     0.13354
1981     25     0.13940
1981     26     0.13587
1981     27     0.13465
1981     28     0.12644
1981     29     0.11493
1981     30     0.10033
1981     31     0.08630
1981     32     0.06920
1981     33     0.05710
1981     34     0.04347
1981     35     0.03370
1981     36     0.02632
1981     37     0.02157
1981     38     0.01535
1981     39     0.01230
1981     40     0.00814
1981     41     0.00708
1981     42     0.00398
1981     43     0.00232
1981     44     0.00145
1981     45     0.00102
1981     46     0.00058
1981     47     0.00047
1981     48     0.00010
1981     49     0.00007
1981     50     0.00007
1981     51     0.00005
1981     52     0.00002
1981     53     0.00001
1981     54     0.00000
1981     55+    0.00000
1982     12-    0.00001
1982     13     0.00003
1982     14     0.00050
1982     15     0.00238
1982     16     0.00992
1982     17     0.02490
1982     18     0.04131
1982     19     0.05879
1982     20     0.07490
1982     21     0.09160
1982     22     0.10611
1982     23     0.11645
1982     24     0.12782
1982     25     0.13399
1982     26     0.13302
1982     27     0.12909
1982     28     0.12338
1982     29     0.11480
1982     30     0.09992
1982     31     0.08288
1982     32     0.06901
1982     33     0.05533
1982     34     0.04590
1982     35     0.03621
1982     36     0.02777
1982     37     0.02127
1982     38     0.01616
1982     39     0.01171
1982     40     0.00846
1982     41     0.00568
1982     42     0.00396
1982     43     0.00235
1982     44     0.00133
1982     45     0.00081
1982     46     0.00046
1982     47     0.00032
1982     48     0.00021
1982     49     0.00013
1982     50     0.00012
1982     51     0.00008
1982     52     0.00003
1982     53     0.00001
1982     54     0.00000
1982     55+    0.00000
1983     12-    0.00000
1983     13     0.00003
1983     14     0.00049
1983     15     0.00268
1983     16     0.01016
1983     17     0.02427
1983     18     0.03970
1983     19     0.05614
1983     20     0.07115
1983     21     0.08689
1983     22     0.10296
1983     23     0.11566
1983     24     0.12451
1983     25     0.13261
1983     26     0.13432
1983     27     0.12926
1983     28     0.12254
1983     29     0.11342
1983     30     0.10297
1983     31     0.08552
1983     32     0.07065
1983     33     0.05697
1983     34     0.04586
1983     35     0.03671
1983     36     0.02866
1983     37     0.02139
1983     38     0.01619
1983     39     0.01196
1983     40     0.00848
1983     41     0.00598
1983     42     0.00394
1983     43     0.00239
1983     44     0.00137
1983     45     0.00084
1983     46     0.00047
1983     47     0.00037
1983     48     0.00019
1983     49     0.00015
1983     50     0.00013
1983     51     0.00007
1983     52     0.00003
1983     53     0.00001
1983     54     0.00000
1983     55+    0.00000
1984     12-    0.00000
1984     13     0.00005
1984     14     0.00060
1984     15     0.00278
1984     16     0.01063
1984     17     0.02546
1984     18     0.04044
1984     19     0.05572
1984     20     0.06922
1984     21     0.08367
1984     22     0.09888
1984     23     0.11128
1984     24     0.12408
1984     25     0.12879
1984     26     0.13347
1984     27     0.13038
1984     28     0.12394
1984     29     0.11364
1984     30     0.10343
1984     31     0.08889
1984     32     0.07227
1984     33     0.05843
1984     34     0.04757
1984     35     0.03722
1984     36     0.02954
1984     37     0.02274
1984     38     0.01654
1984     39     0.01197
1984     40     0.00883
1984     41     0.00578
1984     42     0.00396
1984     43     0.00239
1984     44     0.00151
1984     45     0.00072
1984     46     0.00045
1984     47     0.00022
1984     48     0.00021
1984     49     0.00010
1984     50     0.00010
1984     51     0.00006
1984     52     0.00003
1984     53     0.00001
1984     54     0.00000
1984     55+    0.00000
1985     12-    0.00000
1985     13     0.00003
1985     14     0.00059
1985     15     0.00308
1985     16     0.01165
1985     17     0.02748
1985     18     0.04329
1985     19     0.05797
1985     20     0.06980
1985     21     0.08425
1985     22     0.09641
1985     23     0.10946
1985     24     0.12037
1985     25     0.13024
1985     26     0.13249
1985     27     0.13185
1985     28     0.12694
1985     29     0.11668
1985     30     0.10498
1985     31     0.09008
1985     32     0.07629
1985     33     0.06208
1985     34     0.04903
1985     35     0.03939
1985     36     0.03111
1985     37     0.02321
1985     38     0.01687
1985     39     0.01258
1985     40     0.00870
1985     41     0.00591
1985     42     0.00386
1985     43     0.00238
1985     44     0.00147
1985     45     0.00083
1985     46     0.00043
1985     47     0.00026
1985     48     0.00016
1985     49     0.00010
1985     50     0.00011
1985     51     0.00007
1985     52     0.00003
1985     53     0.00001
1985     54     0.00000
1985     55+    0.00000
1986     12-    0.00000
1986     13     0.00004
1986     14     0.00057
1986     15     0.00303
1986     16     0.01181
1986     17     0.02814
1986     18     0.04525
1986     19     0.05898
1986     20     0.07031
1986     21     0.08167
1986     22     0.09427
1986     23     0.10598
1986     24     0.11603
1986     25     0.12538
1986     26     0.12893
1986     27     0.12797
1986     28     0.12384
1986     29     0.11631
1986     30     0.10587
1986     31     0.09082
1986     32     0.07757
1986     33     0.06441
1986     34     0.05099
1986     35     0.04188
1986     36     0.03175
1986     37     0.02357
1986     38     0.01797
1986     39     0.01292
1986     40     0.00907
1986     41     0.00579
1986     42     0.00358
1986     43     0.00220
1986     44     0.00132
1986     45     0.00075
1986     46     0.00042
1986     47     0.00021
1986     48     0.00013
1986     49     0.00011
1986     50     0.00011
1986     51     0.00007
1986     52     0.00003
1986     53     0.00001
1986     54     0.00000
1986     55+    0.00000
1987     12-    0.00000
1987     13     0.00004
1987     14     0.00057
1987     15     0.00310
1987     16     0.01200
1987     17     0.02874
1987     18     0.04591
1987     19     0.06095
1987     20     0.07089
1987     21     0.08260
1987     22     0.09385
1987     23     0.10581
1987     24     0.11562
1987     25     0.12359
1987     26     0.12974
1987     27     0.13031
1987     28     0.12467
1987     29     0.11859
1987     30     0.10884
1987     31     0.09378
1987     32     0.07994
1987     33     0.06691
1987     34     0.05442
1987     35     0.04384
1987     36     0.03383
1987     37     0.02561
1987     38     0.01858
1987     39     0.01338
1987     40     0.00932
1987     41     0.00603
1987     42     0.00380
1987     43     0.00223
1987     44     0.00130
1987     45     0.00069
1987     46     0.00040
1987     47     0.00027
1987     48     0.00011
1987     49     0.00010
1987     50     0.00011
1987     51     0.00007
1987     52     0.00003
1987     53     0.00001
1987     54     0.00000
1987     55+    0.00000
1988     12-    0.00000
1988     13     0.00004
1988     14     0.00064
1988     15     0.00319
1988     16     0.01292
1988     17     0.03018
1988     18     0.04745
1988     19     0.06260
1988     20     0.07377
1988     21     0.08413
1988     22     0.09411
1988     23     0.10448
1988     24     0.11535
1988     25     0.12308
1988     26     0.12654
1988     27     0.12831
1988     28     0.12515
1988     29     0.11849
1988     30     0.10849
1988     31     0.09443
1988     32     0.08100
1988     33     0.06727
1988     34     0.05677
1988     35     0.04521
1988     36     0.03519
1988     37     0.02637
1988     38     0.02008
1988     39     0.01388
1988     40     0.00958
1988     41     0.00599
1988     42     0.00386
1988     43     0.00231
1988     44     0.00124
1988     45     0.00060
1988     46     0.00037
1988     47     0.00022
1988     48     0.00020
1988     49     0.00008
1988     50     0.00010
1988     51     0.00007
1988     52     0.00003
1988     53     0.00001
1988     54     0.00000
1988     55+    0.00000
1989     12-    0.00000
1989     13     0.00005
1989     14     0.00063
1989     15     0.00351
1989     16     0.01288
1989     17     0.02943
1989     18     0.04578
1989     19     0.06053
1989     20     0.07102
1989     21     0.08180
1989     22     0.09091
1989     23     0.10086
1989     24     0.10975
1989     25     0.11815
1989     26     0.12224
1989     27     0.12403
1989     28     0.12216
1989     29     0.11670
1989     30     0.10717
1989     31     0.09533
1989     32     0.08154
1989     33     0.06763
1989     34     0.05703
1989     35     0.04659
1989     36     0.03669
1989     37     0.02760
1989     38     0.02077
1989     39     0.01478
1989     40     0.01013
1989     41     0.00638
1989     42     0.00392
1989     43     0.00236
1989     44     0.00119
1989     45     0.00065
1989     46     0.00032
1989     47     0.00022
1989     48     0.00016
1989     49     0.00009
1989     50     0.00008
1989     51     0.00005
1989     52     0.00002
1989     53     0.00001
1989     54     0.00000
1989     55+    0.00000
1990     12-    0.00000
1990     13     0.00004
1990     14     0.00066
1990     15     0.00361
1990     16     0.01323
1990     17     0.03114
1990     18     0.04685
1990     19     0.06173
1990     20     0.07083
1990     21     0.08123
1990     22     0.09042
1990     23     0.09971
1990     24     0.10928
1990     25     0.11946
1990     26     0.12392
1990     27     0.12682
1990     28     0.12470
1990     29     0.11994
1990     30     0.11255
1990     31     0.09854
1990     32     0.08573
1990     33     0.07203
1990     34     0.05976
1990     35     0.04857
1990     36     0.03870
1990     37     0.02945
1990     38     0.02185
1990     39     0.01599
1990     40     0.01081
1990     41     0.00673
1990     42     0.00412
1990     43     0.00239
1990     44     0.00126
1990     45     0.00067
1990     46     0.00033
1990     47     0.00016
1990     48     0.00014
1990     49     0.00009
1990     50     0.00009
1990     51     0.00006
1990     52     0.00003
1990     53     0.00001
1990     54     0.00000
1990     55+    0.00000
1991     12-    0.00001
1991     13     0.00005
1991     14     0.00078
1991     15     0.00398
1991     16     0.01369
1991     17     0.03058
1991     18     0.04677
1991     19     0.06130
1991     20     0.07090
1991     21     0.07917
1991     22     0.08802
1991     23     0.09830
1991     24     0.10662
1991     25     0.11538
1991     26     0.12121
1991     27     0.12439
1991     28     0.12259
1991     29     0.11706
1991     30     0.11111
1991     31     0.09827
1991     32     0.08584
1991     33     0.07336
1991     34     0.06144
1991     35     0.04937
1991     36     0.03977
1991     37     0.03023
1991     38     0.02290
1991     39     0.01665
1991     40     0.01118
1991     41     0.00710
1991     42     0.00430
1991     43     0.00253
1991     44     0.00129
1991     45     0.00070
1991     46     0.00034
1991     47     0.00017
1991     48     0.00011
1991     49     0.00011
1991     50     0.00008
1991     51     0.00005
1991     52     0.00002
1991     53     0.00001
1991     54     0.00000
1991     55+    0.00000
1992     12-    0.00000
1992     13     0.00004
1992     14     0.00073
1992     15     0.00385
1992     16     0.01334
1992     17     0.02983
1992     18     0.04555
1992     19     0.05864
1992     20     0.06799
1992     21     0.07533
1992     22     0.08482
1992     23     0.09404
1992     24     0.10376
1992     25     0.11100
1992     26     0.11900
1992     27     0.12086
1992     28     0.12158
1992     29     0.11759
1992     30     0.10965
1992     31     0.09945
1992     32     0.08762
1992     33     0.07370
1992     34     0.06235
1992     35     0.05154
1992     36     0.04066
1992     37     0.03145
1992     38     0.02349
1992     39     0.01737
1992     40     0.01180
1992     41     0.00762
1992     42     0.00477
1992     43     0.00259
1992     44     0.00133
1992     45     0.00064
1992     46     0.00030
1992     47     0.00013
1992     48     0.00009
1992     49     0.00005
1992     50     0.00007
1992     51     0.00006
1992     52     0.00003
1992     53     0.00001
1992     54     0.00000
1992     55+    0.00000
1993     12-    0.00000
1993     13     0.00005
1993     14     0.00076
1993     15     0.00395
1993     16     0.01395
1993     17     0.02970
1993     18     0.04455
1993     19     0.05608
1993     20     0.06499
1993     21     0.07215
1993     22     0.08058
1993     23     0.08962
1993     24     0.09850
1993     25     0.10703
1993     26     0.11339
1993     27     0.11723
1993     28     0.11898
1993     29     0.11639
1993     30     0.10928
1993     31     0.09881
1993     32     0.08668
1993     33     0.07478
1993     34     0.06275
1993     35     0.05168
1993     36     0.04161
1993     37     0.03241
1993     38     0.02381
1993     39     0.01760
1993     40     0.01234
1993     41     0.00813
1993     42     0.00480
1993     43     0.00264
1993     44     0.00138
1993     45     0.00063
1993     46     0.00028
1993     47     0.00014
1993     48     0.00009
1993     49     0.00005
1993     50     0.00010
1993     51     0.00008
1993     52     0.00004
1993     53     0.00001
1993     54     0.00000
1993     55+    0.00000
1994     12-    0.00000
1994     13     0.00005
1994     14     0.00083
1994     15     0.00351
1994     16     0.01280
1994     17     0.02812
1994     18     0.04340
1994     19     0.05403
1994     20     0.06290
1994     21     0.06854
1994     22     0.07636
1994     23     0.08513
1994     24     0.09360
1994     25     0.10302
1994     26     0.11051
1994     27     0.11481
1994     28     0.11670
1994     29     0.11606
1994     30     0.11126
1994     31     0.10123
1994     32     0.08910
1994     33     0.07593
1994     34     0.06603
1994     35     0.05377
1994     36     0.04337
1994     37     0.03349
1994     38     0.02507
1994     39     0.01871
1994     40     0.01230
1994     41     0.00836
1994     42     0.00496
1994     43     0.00297
1994     44     0.00156
1994     45     0.00064
1994     46     0.00030
1994     47     0.00013
1994     48     0.00007
1994     49     0.00005
1994     50     0.00006
1994     51     0.00005
1994     52     0.00002
1994     53     0.00001
1994     54     0.00000
1994     55+    0.00000
1995     12-    0.00000
1995     13     0.00005
1995     14     0.00085
1995     15     0.00386
1995     16     0.01313
1995     17     0.02807
1995     18     0.04328
1995     19     0.05487
1995     20     0.06142
1995     21     0.06815
1995     22     0.07412
1995     23     0.08073
1995     24     0.08918
1995     25     0.09870
1995     26     0.10620
1995     27     0.11129
1995     28     0.11189
1995     29     0.11290
1995     30     0.10907
1995     31     0.09970
1995     32     0.08876
1995     33     0.07620
1995     34     0.06536
1995     35     0.05502
1995     36     0.04353
1995     37     0.03465
1995     38     0.02563
1995     39     0.01922
1995     40     0.01332
1995     41     0.00859
1995     42     0.00522
1995     43     0.00296
1995     44     0.00161
1995     45     0.00073
1995     46     0.00034
1995     47     0.00016
1995     48     0.00007
1995     49     0.00006
1995     50     0.00006
1995     51     0.00004
1995     52     0.00002
1995     53     0.00001
1995     54     0.00000
1995     55+    0.00000
1996     12-    0.00000
1996     13     0.00006
1996     14     0.00088
1996     15     0.00419
1996     16     0.01435
1996     17     0.03074
1996     18     0.04493
1996     19     0.05713
1996     20     0.06533
1996     21     0.06875
1996     22     0.07490
1996     23     0.07992
1996     24     0.08715
1996     25     0.09660
1996     26     0.10379
1996     27     0.10906
1996     28     0.11203
1996     29     0.11085
1996     30     0.10848
1996     31     0.10174
1996     32     0.09125
1996     33     0.07893
1996     34     0.06731
1996     35     0.05581
1996     36     0.04616
1996     37     0.03507
1996     38     0.02684
1996     39     0.01983
1996     40     0.01390
1996     41     0.00915
1996     42     0.00560
1996     43     0.00322
1996     44     0.00163
1996     45     0.00081
1996     46     0.00034
1996     47     0.00023
1996     48     0.00009
1996     49     0.00005
1996     50     0.00005
1996     51     0.00004
1996     52     0.00002
1996     53     0.00001
1996     54     0.00000
1996     55+    0.00000
1997     12-    0.00000
1997     13     0.00005
1997     14     0.00084
1997     15     0.00424
1997     16     0.01433
1997     17     0.03128
1997     18     0.04601
1997     19     0.05674
1997     20     0.06464
1997     21     0.06923
1997     22     0.07309
1997     23     0.07854
1997     24     0.08545
1997     25     0.09241
1997     26     0.10131
1997     27     0.10607
1997     28     0.11020
1997     29     0.11110
1997     30     0.10697
1997     31     0.10007
1997     32     0.09218
1997     33     0.08149
1997     34     0.06916
1997     35     0.05849
1997     36     0.04757
1997     37     0.03774
1997     38     0.02815
1997     39     0.02081
1997     40     0.01445
1997     41     0.00955
1997     42     0.00597
1997     43     0.00335
1997     44     0.00186
1997     45     0.00081
1997     46     0.00036
1997     47     0.00019
1997     48     0.00010
1997     49     0.00004
1997     50     0.00005
1997     51     0.00004
1997     52     0.00002
1997     53     0.00001
1997     54     0.00000
1997     55+    0.00000
1998     12-    0.00000
1998     13     0.00006
1998     14     0.00085
1998     15     0.00399
1998     16     0.01385
1998     17     0.03170
1998     18     0.04653
1998     19     0.05739
1998     20     0.06344
1998     21     0.06784
1998     22     0.07360
1998     23     0.07665
1998     24     0.08353
1998     25     0.08940
1998     26     0.09744
1998     27     0.10329
1998     28     0.10755
1998     29     0.10847
1998     30     0.10783
1998     31     0.09987
1998     32     0.09283
1998     33     0.08149
1998     34     0.07137
1998     35     0.06000
1998     36     0.04810
1998     37     0.03828
1998     38     0.02924
1998     39     0.02168
1998     40     0.01482
1998     41     0.00998
1998     42     0.00599
1998     43     0.00345
1998     44     0.00188
1998     45     0.00079
1998     46     0.00048
1998     47     0.00018
1998     48     0.00008
1998     49     0.00005
1998     50     0.00004
1998     51     0.00003
1998     52     0.00002
1998     53     0.00001
1998     54     0.00000
1998     55+    0.00000
1999     12-    0.00000
1999     13     0.00004
1999     14     0.00075
1999     15     0.00389
1999     16     0.01320
1999     17     0.03058
1999     18     0.04669
1999     19     0.05850
1999     20     0.06403
1999     21     0.06702
1999     22     0.07110
1999     23     0.07542
1999     24     0.08030
1999     25     0.08662
1999     26     0.09306
1999     27     0.09901
1999     28     0.10381
1999     29     0.10576
1999     30     0.10495
1999     31     0.09950
1999     32     0.09041
1999     33     0.08125
1999     34     0.07158
1999     35     0.06051
1999     36     0.04889
1999     37     0.03780
1999     38     0.02911
1999     39     0.02223
1999     40     0.01533
1999     41     0.01002
1999     42     0.00611
1999     43     0.00369
1999     44     0.00188
1999     45     0.00090
1999     46     0.00046
1999     47     0.00023
1999     48     0.00008
1999     49     0.00007
1999     50     0.00004
1999     51     0.00003
1999     52     0.00001
1999     53     0.00001
1999     54     0.00000
1999     55+    0.00000
2000     12-    0.00000
2000     13     0.00005
2000     14     0.00083
2000     15     0.00368
2000     16     0.01225
2000     17     0.02871
2000     18     0.04447
2000     19     0.05638
2000     20     0.06229
2000     21     0.06488
2000     22     0.06776
2000     23     0.07166
2000     24     0.07715
2000     25     0.08319
2000     26     0.08902
2000     27     0.09336
2000     28     0.09943
2000     29     0.10311
2000     30     0.10249
2000     31     0.09713
2000     32     0.09022
2000     33     0.07941
2000     34     0.07065
2000     35     0.06105
2000     36     0.05072
2000     37     0.03941
2000     38     0.02987
2000     39     0.02260
2000     40     0.01574
2000     41     0.01052
2000     42     0.00640
2000     43     0.00373
2000     44     0.00187
2000     45     0.00099
2000     46     0.00043
2000     47     0.00017
2000     48     0.00010
2000     49     0.00006
2000     50     0.00005
2000     51     0.00004
2000     52     0.00002
2000     53     0.00001
2000     54     0.00000
2000     55+    0.00000
2001     12-    0.00000
2001     13     0.00005
2001     14     0.00079
2001     15     0.00349
2001     16     0.01153
2001     17     0.02728
2001     18     0.04257
2001     19     0.05526
2001     20     0.06215
2001     21     0.06547
2001     22     0.06763
2001     23     0.07066
2001     24     0.07477
2001     25     0.08073
2001     26     0.08665
2001     27     0.09250
2001     28     0.09572
2001     29     0.10012
2001     30     0.10135
2001     31     0.09821
2001     32     0.09055
2001     33     0.08070
2001     34     0.07041
2001     35     0.06169
2001     36     0.05075
2001     37     0.04046
2001     38     0.03029
2001     39     0.02258
2001     40     0.01657
2001     41     0.01078
2001     42     0.00683
2001     43     0.00388
2001     44     0.00203
2001     45     0.00104
2001     46     0.00055
2001     47     0.00022
2001     48     0.00012
2001     49     0.00007
2001     50     0.00009
2001     51     0.00005
2001     52     0.00003
2001     53     0.00001
2001     54     0.00000
2001     55+    0.00000
2002     12-    0.00000
2002     13     0.00005
2002     14     0.00073
2002     15     0.00320
2002     16     0.01101
2002     17     0.02656
2002     18     0.04113
2002     19     0.05336
2002     20     0.06024
2002     21     0.06503
2002     22     0.06873
2002     23     0.07004
2002     24     0.07392
2002     25     0.07992
2002     26     0.08594
2002     27     0.09123
2002     28     0.09546
2002     29     0.09858
2002     30     0.10158
2002     31     0.09892
2002     32     0.09312
2002     33     0.08268
2002     34     0.07411
2002     35     0.06293
2002     36     0.05238
2002     37     0.04180
2002     38     0.03228
2002     39     0.02386
2002     40     0.01686
2002     41     0.01118
2002     42     0.00711
2002     43     0.00393
2002     44     0.00211
2002     45     0.00115
2002     46     0.00057
2002     47     0.00024
2002     48     0.00017
2002     49     0.00014
2002     50     0.00010
2002     51     0.00006
2002     52     0.00003
2002     53     0.00001
2002     54     0.00000
2002     55+    0.00000
2003     12-    0.00000
2003     13     0.00004
2003     14     0.00060
2003     15     0.00299
2003     16     0.01089
2003     17     0.02648
2003     18     0.04083
2003     19     0.05304
2003     20     0.06126
2003     21     0.06564
2003     22     0.06877
2003     23     0.07391
2003     24     0.07607
2003     25     0.08186
2003     26     0.08834
2003     27     0.09545
2003     28     0.10064
2003     29     0.10432
2003     30     0.10450
2003     31     0.10372
2003     32     0.09865
2003     33     0.08903
2003     34     0.07879
2003     35     0.06820
2003     36     0.05543
2003     37     0.04525
2003     38     0.03493
2003     39     0.02645
2003     40     0.01833
2003     41     0.01204
2003     42     0.00743
2003     43     0.00443
2003     44     0.00217
2003     45     0.00105
2003     46     0.00056
2003     47     0.00025
2003     48     0.00016
2003     49     0.00011
2003     50     0.00010
2003     51     0.00007
2003     52     0.00003
2003     53     0.00001
2003     54     0.00000
2003     55+    0.00000
2004     12-    0.00000
2004     13     0.00004
2004     14     0.00056
2004     15     0.00298
2004     16     0.01070
2004     17     0.02628
2004     18     0.04101
2004     19     0.05214
2004     20     0.06168
2004     21     0.06598
2004     22     0.07062
2004     23     0.07440
2004     24     0.07865
2004     25     0.08402
2004     26     0.08901
2004     27     0.09596
2004     28     0.10257
2004     29     0.10632
2004     30     0.10858
2004     31     0.10767
2004     32     0.10180
2004     33     0.09438
2004     34     0.08336
2004     35     0.07193
2004     36     0.05944
2004     37     0.04747
2004     38     0.03698
2004     39     0.02799
2004     40     0.01948
2004     41     0.01289
2004     42     0.00803
2004     43     0.00456
2004     44     0.00254
2004     45     0.00117
2004     46     0.00055
2004     47     0.00028
2004     48     0.00017
2004     49     0.00006
2004     50     0.00007
2004     51     0.00004
2004     52     0.00002
2004     53     0.00001
2004     54     0.00000
2004     55+    0.00000
2005     12-    0.00000
2005     13     0.00004
2005     14     0.00057
2005     15     0.00286
2005     16     0.01036
2005     17     0.02540
2005     18     0.03930
2005     19     0.05235
2005     20     0.05998
2005     21     0.06513
2005     22     0.06949
2005     23     0.07381
2005     24     0.07799
2005     25     0.08478
2005     26     0.08958
2005     27     0.09578
2005     28     0.10182
2005     29     0.10742
2005     30     0.10849
2005     31     0.10992
2005     32     0.10214
2005     33     0.09531
2005     34     0.08541
2005     35     0.07431
2005     36     0.06108
2005     37     0.04924
2005     38     0.03757
2005     39     0.02909
2005     40     0.02046
2005     41     0.01343
2005     42     0.00829
2005     43     0.00485
2005     44     0.00268
2005     45     0.00144
2005     46     0.00059
2005     47     0.00032
2005     48     0.00018
2005     49     0.00013
2005     50     0.00010
2005     51     0.00005
2005     52     0.00003
2005     53     0.00001
2005     54     0.00000
2005     55+    0.00000
2006     12-    0.00000
2006     13     0.00004
2006     14     0.00062
2006     15     0.00288
2006     16     0.01042
2006     17     0.02499
2006     18     0.03902
2006     19     0.05320
2006     20     0.06240
2006     21     0.06526
2006     22     0.07143
2006     23     0.07564
2006     24     0.08034
2006     25     0.08576
2006     26     0.09304
2006     27     0.09752
2006     28     0.10268
2006     29     0.10961
2006     30     0.11177
2006     31     0.11261
2006     32     0.10688
2006     33     0.09824
2006     34     0.08945
2006     35     0.07902
2006     36     0.06625
2006     37     0.05177
2006     38     0.04042
2006     39     0.03004
2006     40     0.02160
2006     41     0.01440
2006     42     0.00878
2006     43     0.00487
2006     44     0.00282
2006     45     0.00142
2006     46     0.00074
2006     47     0.00033
2006     48     0.00020
2006     49     0.00013
2006     50     0.00010
2006     51     0.00006
2006     52     0.00003
2006     53     0.00001
2006     54     0.00000
2006     55+    0.00000
2007     12-    0.00000
2007     13     0.00004
2007     14     0.00059
2007     15     0.00269
2007     16     0.00978
2007     17     0.02414
2007     18     0.03825
2007     19     0.05293
2007     20     0.06171
2007     21     0.06709
2007     22     0.07161
2007     23     0.07563
2007     24     0.08148
2007     25     0.08736
2007     26     0.09413
2007     27     0.10181
2007     28     0.10544
2007     29     0.11165
2007     30     0.11393
2007     31     0.11597
2007     32     0.11110
2007     33     0.10300
2007     34     0.09295
2007     35     0.08263
2007     36     0.06926
2007     37     0.05591
2007     38     0.04334
2007     39     0.03234
2007     40     0.02234
2007     41     0.01554
2007     42     0.00953
2007     43     0.00541
2007     44     0.00297
2007     45     0.00145
2007     46     0.00078
2007     47     0.00042
2007     48     0.00025
2007     49     0.00011
2007     50     0.00010
2007     51     0.00006
2007     52     0.00003
2007     53     0.00001
2007     54     0.00000
2007     55+    0.00000
2008     12-    0.00000
2008     13     0.00003
2008     14     0.00057
2008     15     0.00294
2008     16     0.00954
2008     17     0.02329
2008     18     0.03798
2008     19     0.05293
2008     20     0.06259
2008     21     0.06860
2008     22     0.07391
2008     23     0.07848
2008     24     0.08301
2008     25     0.09056
2008     26     0.09684
2008     27     0.10383
2008     28     0.11019
2008     29     0.11388
2008     30     0.11609
2008     31     0.11801
2008     32     0.11335
2008     33     0.10546
2008     34     0.09619
2008     35     0.08432
2008     36     0.07130
2008     37     0.05695
2008     38     0.04448
2008     39     0.03383
2008     40     0.02409
2008     41     0.01589
2008     42     0.00979
2008     43     0.00570
2008     44     0.00324
2008     45     0.00158
2008     46     0.00088
2008     47     0.00046
2008     48     0.00021
2008     49     0.00013
2008     50     0.00010
2008     51     0.00005
2008     52     0.00002
2008     53     0.00001
2008     54     0.00000
2008     55+    0.00000
2009     12-    0.00000
2009     13     0.00003
2009     14     0.00049
2009     15     0.00257
2009     16     0.00944
2009     17     0.02219
2009     18     0.03569
2009     19     0.05099
2009     20     0.06118
2009     21     0.06731
2009     22     0.07379
2009     23     0.07737
2009     24     0.08289
2009     25     0.09002
2009     26     0.09699
2009     27     0.10119
2009     28     0.10884
2009     29     0.11383
2009     30     0.11392
2009     31     0.11549
2009     32     0.11265
2009     33     0.10372
2009     34     0.09538
2009     35     0.08419
2009     36     0.07085
2009     37     0.05767
2009     38     0.04538
2009     39     0.03490
2009     40     0.02462
2009     41     0.01611
2009     42     0.00996
2009     43     0.00601
2009     44     0.00317
2009     45     0.00174
2009     46     0.00090
2009     47     0.00043
2009     48     0.00026
2009     49     0.00018
2009     50     0.00014
2009     51     0.00008
2009     52     0.00004
2009     53     0.00001
2009     54     0.00001
2009     55+    0.00000
2010     12-    0.00000
2010     13     0.00004
2010     14     0.00056
2010     15     0.00254
2010     16     0.00851
2010     17     0.02089
2010     18     0.03307
2010     19     0.04779
2010     20     0.05921
2010     21     0.06558
2010     22     0.07394
2010     23     0.07908
2010     24     0.08388
2010     25     0.09127
2010     26     0.09759
2010     27     0.10376
2010     28     0.10964
2010     29     0.11558
2010     30     0.11825
2010     31     0.11813
2010     32     0.11468
2010     33     0.10844
2010     34     0.09957
2010     35     0.08750
2010     36     0.07460
2010     37     0.05926
2010     38     0.04731
2010     39     0.03598
2010     40     0.02545
2010     41     0.01670
2010     42     0.01037
2010     43     0.00609
2010     44     0.00339
2010     45     0.00172
2010     46     0.00101
2010     47     0.00046
2010     48     0.00026
2010     49     0.00024
2010     50     0.00018
2010     51     0.00010
2010     52     0.00004
2010     53     0.00001
2010     54     0.00000
2010     55+    0.00000
2011     12-    0.00001
2011     13     0.00003
2011     14     0.00044
2011     15     0.00221
2011     16     0.00763
2011     17     0.01834
2011     18     0.03031
2011     19     0.04398
2011     20     0.05371
2011     21     0.06265
2011     22     0.07187
2011     23     0.07897
2011     24     0.08457
2011     25     0.09172
2011     26     0.09826
2011     27     0.10360
2011     28     0.10849
2011     29     0.11565
2011     30     0.11617
2011     31     0.11927
2011     32     0.11332
2011     33     0.10800
2011     34     0.10012
2011     35     0.08849
2011     36     0.07622
2011     37     0.06180
2011     38     0.04828
2011     39     0.03797
2011     40     0.02690
2011     41     0.01816
2011     42     0.01102
2011     43     0.00643
2011     44     0.00334
2011     45     0.00187
2011     46     0.00104
2011     47     0.00055
2011     48     0.00029
2011     49     0.00019
2011     50     0.00015
2011     51     0.00009
2011     52     0.00004
2011     53     0.00001
2011     54     0.00001
2011     55+    0.00000
2012     12-    0.00000
2012     13     0.00003
2012     14     0.00050
2012     15     0.00220
2012     16     0.00731
2012     17     0.01749
2012     18     0.02841
2012     19     0.04150
2012     20     0.05162
2012     21     0.05912
2012     22     0.06959
2012     23     0.07697
2012     24     0.08487
2012     25     0.09213
2012     26     0.09781
2012     27     0.10428
2012     28     0.11062
2012     29     0.11533
2012     30     0.11772
2012     31     0.12072
2012     32     0.11678
2012     33     0.10949
2012     34     0.10159
2012     35     0.09108
2012     36     0.07706
2012     37     0.06325
2012     38     0.04922
2012     39     0.03824
2012     40     0.02782
2012     41     0.01834
2012     42     0.01142
2012     43     0.00654
2012     44     0.00368
2012     45     0.00190
2012     46     0.00107
2012     47     0.00062
2012     48     0.00032
2012     49     0.00028
2012     50     0.00017
2012     51     0.00008
2012     52     0.00003
2012     53     0.00001
2012     54     0.00000
2012     55+    0.00000
2013     12-    0.00000
2013     13     0.00002
2013     14     0.00036
2013     15     0.00201
2013     16     0.00630
2013     17     0.01527
2013     18     0.02465
2013     19     0.03674
2013     20     0.04603
2013     21     0.05392
2013     22     0.06167
2013     23     0.07066
2013     24     0.07945
2013     25     0.08730
2013     26     0.09478
2013     27     0.10115
2013     28     0.10680
2013     29     0.11156
2013     30     0.11349
2013     31     0.11553
2013     32     0.11243
2013     33     0.10641
2013     34     0.09798
2013     35     0.08784
2013     36     0.07571
2013     37     0.06216
2013     38     0.04941
2013     39     0.03828
2013     40     0.02719
2013     41     0.01822
2013     42     0.01120
2013     43     0.00705
2013     44     0.00381
2013     45     0.00205
2013     46     0.00100
2013     47     0.00061
2013     48     0.00034
2013     49     0.00025
2013     50     0.00021
2013     51     0.00012
2013     52     0.00004
2013     53     0.00001
2013     54     0.00000
2013     55+    0.00000
2014     12-    0.00000
2014     13     0.00004
2014     14     0.00033
2014     15     0.00161
2014     16     0.00520
2014     17     0.01312
2014     18     0.02209
2014     19     0.03450
2014     20     0.04349
2014     21     0.05073
2014     22     0.05813
2014     23     0.06627
2014     24     0.07569
2014     25     0.08535
2014     26     0.09372
2014     27     0.10121
2014     28     0.10613
2014     29     0.11262
2014     30     0.11302
2014     31     0.11736
2014     32     0.11349
2014     33     0.10687
2014     34     0.10079
2014     35     0.08896
2014     36     0.07685
2014     37     0.06357
2014     38     0.05020
2014     39     0.03933
2014     40     0.02813
2014     41     0.01879
2014     42     0.01163
2014     43     0.00685
2014     44     0.00392
2014     45     0.00193
2014     46     0.00113
2014     47     0.00058
2014     48     0.00039
2014     49     0.00021
2014     50     0.00020
2014     51     0.00011
2014     52     0.00004
2014     53     0.00001
2014     54     0.00000
2014     55+    0.00000
2015     12-    0.00001
2015     13     0.00003
2015     14     0.00028
2015     15     0.00148
2015     16     0.00515
2015     17     0.01208
2015     18     0.02034
2015     19     0.03136
2015     20     0.04136
2015     21     0.04910
2015     22     0.05668
2015     23     0.06313
2015     24     0.07297
2015     25     0.08345
2015     26     0.09261
2015     27     0.10008
2015     28     0.10794
2015     29     0.11331
2015     30     0.11339
2015     31     0.11836
2015     32     0.11367
2015     33     0.10731
2015     34     0.10004
2015     35     0.09146
2015     36     0.07730
2015     37     0.06471
2015     38     0.05139
2015     39     0.03972
2015     40     0.02865
2015     41     0.01930
2015     42     0.01209
2015     43     0.00699
2015     44     0.00402
2015     45     0.00217
2015     46     0.00116
2015     47     0.00063
2015     48     0.00039
2015     49     0.00028
2015     50     0.00026
2015     51     0.00014
2015     52     0.00005
2015     53     0.00002
2015     54     0.00000
2015     55+    0.00000
2016     12-    0.00000
2016     13     0.00002
2016     14     0.00029
2016     15     0.00132
2016     16     0.00431
2016     17     0.01100
2016     18     0.01897
2016     19     0.03062
2016     20     0.03954
2016     21     0.04675
2016     22     0.05484
2016     23     0.06183
2016     24     0.06952
2016     25     0.07873
2016     26     0.09045
2016     27     0.09913
2016     28     0.10676
2016     29     0.11256
2016     30     0.11445
2016     31     0.11807
2016     32     0.11504
2016     33     0.10815
2016     34     0.10070
2016     35     0.09099
2016     36     0.07884
2016     37     0.06388
2016     38     0.05241
2016     39     0.04118
2016     40     0.02965
2016     41     0.01999
2016     42     0.01267
2016     43     0.00743
2016     44     0.00416
2016     45     0.00221
2016     46     0.00126
2016     47     0.00062
2016     48     0.00040
2016     49     0.00029
2016     50     0.00028
2016     51     0.00016
2016     52     0.00006
2016     53     0.00002
2016     54     0.00000
2016     55+    0.00000
2017     12-    0.00000
2017     13     0.00003
2017     14     0.00019
2017     15     0.00104
2017     16     0.00359
2017     17     0.01022
2017     18     0.01773
2017     19     0.02860
2017     20     0.03812
2017     21     0.04476
2017     22     0.05301
2017     23     0.05896
2017     24     0.06717
2017     25     0.07572
2017     26     0.08491
2017     27     0.09643
2017     28     0.10326
2017     29     0.10918
2017     30     0.11182
2017     31     0.11491
2017     32     0.11306
2017     33     0.10609
2017     34     0.09816
2017     35     0.08789
2017     36     0.07658
2017     37     0.06472
2017     38     0.05096
2017     39     0.04037
2017     40     0.02959
2017     41     0.02020
2017     42     0.01276
2017     43     0.00729
2017     44     0.00415
2017     45     0.00229
2017     46     0.00125
2017     47     0.00077
2017     48     0.00045
2017     49     0.00031
2017     50     0.00028
2017     51     0.00015
2017     52     0.00006
2017     53     0.00002
2017     54     0.00000
2017     55+    0.00000
2018     12-    0.00000
2018     13     0.00001
2018     14     0.00018
2018     15     0.00090
2018     16     0.00339
2018     17     0.00899
2018     18     0.01693
2018     19     0.02747
2018     20     0.03528
2018     21     0.04217
2018     22     0.04981
2018     23     0.05618
2018     24     0.06366
2018     25     0.07333
2018     26     0.08069
2018     27     0.09010
2018     28     0.09984
2018     29     0.10574
2018     30     0.10846
2018     31     0.11318
2018     32     0.10963
2018     33     0.10249
2018     34     0.09588
2018     35     0.08632
2018     36     0.07555
2018     37     0.06226
2018     38     0.05039
2018     39     0.03964
2018     40     0.02935
2018     41     0.02008
2018     42     0.01267
2018     43     0.00719
2018     44     0.00417
2018     45     0.00229
2018     46     0.00132
2018     47     0.00070
2018     48     0.00051
2018     49     0.00031
2018     50     0.00030
2018     51     0.00017
2018     52     0.00006
2018     53     0.00002
2018     54     0.00000
2018     55+    0.00000
2019     12-    0.00000
2019     13     0.00002
2019     14     0.00022
2019     15     0.00095
2019     16     0.00320
2019     17     0.00835
2019     18     0.01619
2019     19     0.02622
2019     20     0.03458
2019     21     0.04048
2019     22     0.04799
2019     23     0.05388
2019     24     0.06208
2019     25     0.06949
2019     26     0.07908
2019     27     0.08730
2019     28     0.09478
2019     29     0.10457
2019     30     0.10629
2019     31     0.11094
2019     32     0.10739
2019     33     0.10088
2019     34     0.09450
2019     35     0.08514
2019     36     0.07288
2019     37     0.06057
2019     38     0.04959
2019     39     0.03970
2019     40     0.02863
2019     41     0.02001
2019     42     0.01291
2019     43     0.00750
2019     44     0.00442
2019     45     0.00243
2019     46     0.00133
2019     47     0.00085
2019     48     0.00046
2019     49     0.00031
2019     50     0.00032
2019     51     0.00019
2019     52     0.00006
2019     53     0.00002
2019     54     0.00000
2019     55+    0.00000
2020     12-    0.00000
2020     13     0.00001
2020     14     0.00018
2020     15     0.00088
2020     16     0.00280
2020     17     0.00767
2020     18     0.01429
2020     19     0.02450
2020     20     0.03261
2020     21     0.03849
2020     22     0.04390
2020     23     0.05098
2020     24     0.05806
2020     25     0.06698
2020     26     0.07499
2020     27     0.08424
2020     28     0.09175
2020     29     0.09898
2020     30     0.10390
2020     31     0.10817
2020     32     0.10556
2020     33     0.09905
2020     34     0.09142
2020     35     0.08163
2020     36     0.07132
2020     37     0.05835
2020     38     0.04746
2020     39     0.03749
2020     40     0.02808
2020     41     0.01869
2020     42     0.01229
2020     43     0.00763
2020     44     0.00418
2020     45     0.00234
2020     46     0.00132
2020     47     0.00077
2020     48     0.00049
2020     49     0.00032
2020     50     0.00037
2020     51     0.00023
2020     52     0.00007
2020     53     0.00002
2020     54     0.00000
2020     55+    0.00000
